# BLOCK:     DISTANCE:     ACTUAL_AVE_GOFR:
           1    0.064633           0
           1    0.129266           0
           1    0.193899           0
           1    0.258532           0
           1    0.323165           0
           1    0.387798           0
           1    0.452431           0
           1    0.517064           0
           1    0.581697           0
           1     0.64633           0
           1    0.710963           0
           1    0.775596           0
           1     0.84023           0
           1    0.904863  0.00137697
           1    0.969496    0.151128
           1     1.03413      1.0503
           1     1.09876     2.01738
           1     1.16339     2.26374
           1     1.22803     2.09099
           1     1.29266     1.81968
           1     1.35729     1.59836
           1     1.42193     1.44669
           1     1.48656     1.33393
           1     1.55119     1.25312
           1     1.61583     1.17474
           1     1.68046     1.14252
           1     1.74509     1.10544
           1     1.80973     1.08892
           1     1.87436     1.07981
           1     1.93899     1.05911
           1     2.00362     1.05337
           1     2.06826     1.06335
           1     2.13289     1.05133
           1     2.19752     1.04725
           1     2.26216     1.04599
           1     2.32679     1.04282
           1     2.39142     1.03474
           1     2.45606     1.04067
           1     2.52069     1.03195
           1     2.58532     1.01382
           1     2.64995     1.01882
           1     2.71459     1.01091
           1     2.77922     1.00991
           1     2.84385     1.00748
           1     2.90849     1.00828
           1     2.97312    0.997386
           1     3.03775    0.999683
           1     3.10239    0.999066
           1     3.16702     1.00126
           1     3.23165     1.00214
           1     3.29629    0.996747
           1     3.36092    0.998946
           1     3.42555    0.997828
           1     3.49018    0.994901
           1     3.55482    0.992478
           1     3.61945    0.988073
           1     3.68408    0.996625
           1     3.74872    0.991504
           1     3.81335    0.988926
           1     3.87798    0.994102
           1     3.94262     0.98885
           1     4.00725    0.991679
           1     4.07188    0.990257
           1     4.13651    0.991501
           1     4.20115    0.987103
           1     4.26578    0.988582
           1     4.33041    0.983297
           1     4.39505    0.991796
           1     4.45968    0.985202
           1     4.52431    0.989342
           1     4.58895    0.990024
           1     4.65358    0.986488
           1     4.71821    0.990857
           1     4.78285    0.985226
           1     4.84748    0.987949
           1     4.91211    0.988573
           1     4.97674    0.986696
           1     5.04138    0.985631
           1     5.10601    0.986962
           1     5.17064    0.986904
           1     5.23528    0.984062
           1     5.29991    0.987901
           1     5.36454    0.985994
           1     5.42918    0.987864
           1     5.49381    0.985518
           1     5.55844    0.984442
           1     5.62307    0.983927
           1     5.68771    0.984219
           1     5.75234     0.98327
           1     5.81697    0.983664
           1     5.88161    0.986054
           1     5.94624     0.98657
           1     6.01087    0.983322
           1     6.07551    0.985727
           1     6.14014    0.984284
           1     6.20477    0.985263
           1      6.2694    0.985537
           1     6.33404    0.986897
           1     6.39867    0.984198
           1      6.4633    0.986236
           2    0.064633           0
           2    0.129266           0
           2    0.193899           0
           2    0.258532           0
           2    0.323165           0
           2    0.387798           0
           2    0.452431           0
           2    0.517064           0
           2    0.581697           0
           2     0.64633           0
           2    0.710963           0
           2    0.775596           0
           2     0.84023           0
           2    0.904863 0.000538814
           2    0.969496    0.144537
           2     1.03413     1.06692
           2     1.09876     2.03045
           2     1.16339     2.26374
           2     1.22803     2.07173
           2     1.29266     1.81672
           2     1.35729     1.61273
           2     1.42193     1.44322
           2     1.48656     1.33055
           2     1.55119     1.24535
           2     1.61583     1.18896
           2     1.68046     1.13411
           2     1.74509     1.11817
           2     1.80973     1.09229
           2     1.87436     1.06556
           2     1.93899     1.05896
           2     2.00362     1.05284
           2     2.06826      1.0468
           2     2.13289     1.04902
           2     2.19752     1.04882
           2     2.26216       1.047
           2     2.32679     1.03318
           2     2.39142     1.03068
           2     2.45606      1.0299
           2     2.52069     1.02564
           2     2.58532     1.01842
           2     2.64995     1.01698
           2     2.71459      1.0118
           2     2.77922     1.01725
           2     2.84385     1.00532
           2     2.90849     1.00423
           2     2.97312     1.00279
           2     3.03775     1.00014
           2     3.10239    0.996395
           2     3.16702    0.997394
           2     3.23165    0.994194
           2     3.29629    0.994619
           2     3.36092    0.994538
           2     3.42555    0.993685
           2     3.49018    0.989264
           2     3.55482    0.991949
           2     3.61945    0.990769
           2     3.68408    0.990036
           2     3.74872    0.991032
           2     3.81335    0.987525
           2     3.87798    0.990303
           2     3.94262    0.987976
           2     4.00725    0.984311
           2     4.07188    0.989986
           2     4.13651    0.987576
           2     4.20115    0.990609
           2     4.26578    0.993055
           2     4.33041     0.98775
           2     4.39505    0.987153
           2     4.45968    0.988991
           2     4.52431     0.98858
           2     4.58895    0.988163
           2     4.65358    0.987069
           2     4.71821    0.989299
           2     4.78285    0.988255
           2     4.84748    0.987506
           2     4.91211    0.990305
           2     4.97674    0.988625
           2     5.04138    0.985518
           2     5.10601    0.989772
           2     5.17064    0.988985
           2     5.23528    0.984294
           2     5.29991    0.986806
           2     5.36454    0.985788
           2     5.42918    0.985707
           2     5.49381    0.986604
           2     5.55844    0.986608
           2     5.62307    0.985607
           2     5.68771    0.987035
           2     5.75234    0.988627
           2     5.81697    0.988161
           2     5.88161    0.987672
           2     5.94624    0.986245
           2     6.01087    0.986117
           2     6.07551    0.984934
           2     6.14014    0.985838
           2     6.20477    0.986386
           2      6.2694       0.986
           2     6.33404    0.986224
           2     6.39867    0.987212
           2      6.4633    0.987686
           3    0.064633           0
           3    0.129266           0
           3    0.193899           0
           3    0.258532           0
           3    0.323165           0
           3    0.387798           0
           3    0.452431           0
           3    0.517064           0
           3    0.581697           0
           3     0.64633           0
           3    0.710963           0
           3    0.775596           0
           3     0.84023           0
           3    0.904863   0.0011375
           3    0.969496    0.143344
           3     1.03413     1.05502
           3     1.09876     2.04516
           3     1.16339     2.28672
           3     1.22803     2.09434
           3     1.29266     1.84884
           3     1.35729     1.60135
           3     1.42193     1.46051
           3     1.48656     1.32801
           3     1.55119     1.24448
           3     1.61583     1.18276
           3     1.68046     1.13767
           3     1.74509     1.10721
           3     1.80973     1.08912
           3     1.87436     1.07214
           3     1.93899     1.06726
           3     2.00362      1.0578
           3     2.06826     1.05131
           3     2.13289     1.05598
           3     2.19752     1.05112
           3     2.26216     1.05069
           3     2.32679     1.03814
           3     2.39142     1.03404
           3     2.45606     1.02813
           3     2.52069     1.01522
           3     2.58532     1.01815
           3     2.64995     1.01897
           3     2.71459     1.00849
           3     2.77922      1.0041
           3     2.84385     1.00766
           3     2.90849     1.00109
           3     2.97312    0.999974
           3     3.03775     1.00168
           3     3.10239    0.999516
           3     3.16702    0.998146
           3     3.23165    0.995803
           3     3.29629    0.998763
           3     3.36092    0.992105
           3     3.42555    0.993622
           3     3.49018    0.989131
           3     3.55482      0.9935
           3     3.61945     0.99005
           3     3.68408    0.992494
           3     3.74872    0.992838
           3     3.81335    0.987442
           3     3.87798    0.990643
           3     3.94262    0.991364
           3     4.00725    0.991122
           3     4.07188    0.987971
           3     4.13651    0.988727
           3     4.20115    0.988549
           3     4.26578    0.984934
           3     4.33041    0.988335
           3     4.39505     0.98682
           3     4.45968    0.986335
           3     4.52431     0.98414
           3     4.58895    0.985475
           3     4.65358    0.988585
           3     4.71821     0.98671
           3     4.78285    0.987156
           3     4.84748    0.987614
           3     4.91211    0.988125
           3     4.97674     0.98363
           3     5.04138    0.986367
           3     5.10601    0.985573
           3     5.17064    0.987742
           3     5.23528     0.98769
           3     5.29991    0.991371
           3     5.36454    0.986548
           3     5.42918    0.988694
           3     5.49381    0.986503
           3     5.55844    0.988532
           3     5.62307     0.98411
           3     5.68771    0.984659
           3     5.75234    0.986094
           3     5.81697    0.987427
           3     5.88161    0.986916
           3     5.94624    0.985563
           3     6.01087    0.988884
           3     6.07551    0.989234
           3     6.14014     0.98463
           3     6.20477    0.984021
           3      6.2694    0.984848
           3     6.33404    0.986489
           3     6.39867    0.986555
           3      6.4633    0.984906
           4    0.064633           0
           4    0.129266           0
           4    0.193899           0
           4    0.258532           0
           4    0.323165           0
           4    0.387798           0
           4    0.452431           0
           4    0.517064           0
           4    0.581697           0
           4     0.64633           0
           4    0.710963           0
           4    0.775596           0
           4     0.84023           0
           4    0.904863 0.000598682
           4    0.969496    0.147963
           4     1.03413     1.08377
           4     1.09876     2.04396
           4     1.16339     2.30422
           4     1.22803      2.0937
           4     1.29266     1.84393
           4     1.35729     1.62815
           4     1.42193     1.47146
           4     1.48656     1.32822
           4     1.55119     1.24851
           4     1.61583     1.19038
           4     1.68046     1.14536
           4     1.74509     1.11514
           4     1.80973     1.08907
           4     1.87436     1.07154
           4     1.93899     1.06128
           4     2.00362     1.06088
           4     2.06826     1.06883
           4     2.13289     1.06091
           4     2.19752     1.05443
           4     2.26216     1.04688
           4     2.32679     1.04077
           4     2.39142     1.03161
           4     2.45606     1.02858
           4     2.52069     1.03103
           4     2.58532     1.02389
           4     2.64995     1.01784
           4     2.71459     1.01574
           4     2.77922     1.01415
           4     2.84385     1.00316
           4     2.90849     1.01106
           4     2.97312     1.00216
           4     3.03775     1.00202
           4     3.10239    0.997542
           4     3.16702    0.995984
           4     3.23165    0.996881
           4     3.29629     1.00101
           4     3.36092    0.987838
           4     3.42555    0.994877
           4     3.49018    0.992678
           4     3.55482    0.991629
           4     3.61945    0.993647
           4     3.68408    0.987543
           4     3.74872    0.991686
           4     3.81335    0.986878
           4     3.87798    0.990581
           4     3.94262    0.985879
           4     4.00725    0.990083
           4     4.07188    0.993219
           4     4.13651    0.986777
           4     4.20115    0.988772
           4     4.26578    0.992633
           4     4.33041    0.987101
           4     4.39505    0.985505
           4     4.45968    0.989866
           4     4.52431    0.986675
           4     4.58895    0.987915
           4     4.65358    0.987605
           4     4.71821    0.988924
           4     4.78285    0.986227
           4     4.84748     0.98659
           4     4.91211    0.984311
           4     4.97674    0.983096
           4     5.04138    0.986571
           4     5.10601    0.983437
           4     5.17064    0.985377
           4     5.23528    0.989526
           4     5.29991    0.987984
           4     5.36454    0.985144
           4     5.42918    0.988325
           4     5.49381     0.98694
           4     5.55844    0.982757
           4     5.62307    0.988215
           4     5.68771    0.990405
           4     5.75234    0.989466
           4     5.81697    0.988963
           4     5.88161    0.983623
           4     5.94624    0.983727
           4     6.01087    0.984547
           4     6.07551    0.985095
           4     6.14014    0.988551
           4     6.20477    0.984625
           4      6.2694    0.986452
           4     6.33404    0.987874
           4     6.39867    0.985515
           4      6.4633    0.989035
           5    0.064633           0
           5    0.129266           0
           5    0.193899           0
           5    0.258532           0
           5    0.323165           0
           5    0.387798           0
           5    0.452431           0
           5    0.517064           0
           5    0.581697           0
           5     0.64633           0
           5    0.710963           0
           5    0.775596           0
           5     0.84023           0
           5    0.904863  0.00125723
           5    0.969496    0.151595
           5     1.03413     1.07064
           5     1.09876     2.00624
           5     1.16339     2.26182
           5     1.22803     2.08691
           5     1.29266     1.83747
           5     1.35729     1.62236
           5     1.42193     1.45064
           5     1.48656       1.344
           5     1.55119     1.25547
           5     1.61583      1.1766
           5     1.68046     1.13913
           5     1.74509     1.11526
           5     1.80973     1.09347
           5     1.87436     1.07126
           5     1.93899     1.06562
           5     2.00362     1.06678
           5     2.06826     1.05603
           5     2.13289     1.04916
           5     2.19752      1.0443
           5     2.26216     1.05081
           5     2.32679     1.04403
           5     2.39142     1.04387
           5     2.45606     1.03311
           5     2.52069     1.02074
           5     2.58532     1.02456
           5     2.64995      1.0284
           5     2.71459     1.01815
           5     2.77922     1.01004
           5     2.84385     1.00445
           5     2.90849     1.00733
           5     2.97312     1.00953
           5     3.03775     0.99731
           5     3.10239     1.00306
           5     3.16702     1.00049
           5     3.23165    0.996435
           5     3.29629     1.00045
           5     3.36092    0.999444
           5     3.42555    0.997289
           5     3.49018    0.995206
           5     3.55482    0.993463
           5     3.61945    0.997187
           5     3.68408    0.997289
           5     3.74872    0.995136
           5     3.81335    0.994144
           5     3.87798    0.992721
           5     3.94262    0.990004
           5     4.00725    0.988955
           5     4.07188    0.991654
           5     4.13651     0.99524
           5     4.20115    0.988567
           5     4.26578     0.98945
           5     4.33041    0.987204
           5     4.39505    0.992028
           5     4.45968    0.986932
           5     4.52431    0.984239
           5     4.58895    0.985579
           5     4.65358    0.988961
           5     4.71821    0.984411
           5     4.78285    0.988694
           5     4.84748    0.989052
           5     4.91211     0.98758
           5     4.97674    0.987731
           5     5.04138    0.991049
           5     5.10601    0.988707
           5     5.17064    0.986605
           5     5.23528    0.984813
           5     5.29991    0.990085
           5     5.36454    0.987161
           5     5.42918    0.984753
           5     5.49381    0.986732
           5     5.55844    0.987101
           5     5.62307    0.990437
           5     5.68771    0.983621
           5     5.75234    0.985266
           5     5.81697    0.984321
           5     5.88161    0.985709
           5     5.94624    0.985398
           5     6.01087     0.98639
           5     6.07551    0.985075
           5     6.14014    0.983176
           5     6.20477    0.984959
           5      6.2694    0.985618
           5     6.33404    0.985197
           5     6.39867    0.987176
           5      6.4633    0.984451
           6    0.064633           0
           6    0.129266           0
           6    0.193899           0
           6    0.258532           0
           6    0.323165           0
           6    0.387798           0
           6    0.452431           0
           6    0.517064           0
           6    0.581697           0
           6     0.64633           0
           6    0.710963           0
           6    0.775596           0
           6     0.84023           0
           6    0.904863 0.000598682
           6    0.969496    0.146354
           6     1.03413     1.06724
           6     1.09876     2.02873
           6     1.16339     2.26157
           6     1.22803     2.10323
           6     1.29266     1.83968
           6     1.35729     1.62979
           6     1.42193     1.46022
           6     1.48656     1.32479
           6     1.55119     1.24007
           6     1.61583     1.18105
           6     1.68046      1.1418
           6     1.74509     1.12249
           6     1.80973     1.08784
           6     1.87436     1.08232
           6     1.93899     1.06973
           6     2.00362     1.04833
           6     2.06826     1.06027
           6     2.13289     1.05909
           6     2.19752     1.05325
           6     2.26216     1.04381
           6     2.32679     1.03812
           6     2.39142     1.04438
           6     2.45606     1.03201
           6     2.52069     1.03172
           6     2.58532     1.02604
           6     2.64995     1.01081
           6     2.71459      1.0181
           6     2.77922     1.00552
           6     2.84385     1.00419
           6     2.90849     1.00534
           6     2.97312     1.00098
           6     3.03775     1.00024
           6     3.10239    0.993638
           6     3.16702    0.995622
           6     3.23165      1.0016
           6     3.29629     0.99842
           6     3.36092    0.996748
           6     3.42555    0.993032
           6     3.49018    0.991835
           6     3.55482    0.993121
           6     3.61945    0.993236
           6     3.68408    0.989694
           6     3.74872    0.991378
           6     3.81335    0.989844
           6     3.87798    0.983785
           6     3.94262    0.995262
           6     4.00725    0.987093
           6     4.07188    0.992037
           6     4.13651    0.988272
           6     4.20115     0.98677
           6     4.26578    0.984333
           6     4.33041      0.9844
           6     4.39505    0.983003
           6     4.45968    0.985369
           6     4.52431    0.987529
           6     4.58895    0.986672
           6     4.65358    0.986121
           6     4.71821    0.986579
           6     4.78285     0.98483
           6     4.84748    0.983618
           6     4.91211    0.987049
           6     4.97674    0.990333
           6     5.04138    0.985222
           6     5.10601    0.986376
           6     5.17064     0.98896
           6     5.23528     0.98609
           6     5.29991    0.986895
           6     5.36454    0.988455
           6     5.42918    0.987077
           6     5.49381    0.986517
           6     5.55844    0.988463
           6     5.62307    0.985789
           6     5.68771    0.986916
           6     5.75234    0.984721
           6     5.81697    0.986498
           6     5.88161    0.985157
           6     5.94624    0.985754
           6     6.01087    0.985504
           6     6.07551    0.985739
           6     6.14014    0.987256
           6     6.20477    0.986603
           6      6.2694    0.984286
           6     6.33404    0.986537
           6     6.39867     0.98548
           6      6.4633    0.984016
           7    0.064633           0
           7    0.129266           0
           7    0.193899           0
           7    0.258532           0
           7    0.323165           0
           7    0.387798           0
           7    0.452431           0
           7    0.517064           0
           7    0.581697           0
           7     0.64633           0
           7    0.710963           0
           7    0.775596           0
           7     0.84023           0
           7    0.904863 0.000239473
           7    0.969496    0.151855
           7     1.03413     1.05938
           7     1.09876     2.02175
           7     1.16339     2.28566
           7     1.22803     2.09922
           7     1.29266      1.8131
           7     1.35729      1.6214
           7     1.42193     1.45706
           7     1.48656     1.34323
           7     1.55119     1.25241
           7     1.61583     1.18789
           7     1.68046     1.15076
           7     1.74509      1.1131
           7     1.80973     1.09054
           7     1.87436     1.07338
           7     1.93899     1.06439
           7     2.00362     1.05636
           7     2.06826     1.05577
           7     2.13289     1.05185
           7     2.19752     1.05014
           7     2.26216      1.0471
           7     2.32679     1.04191
           7     2.39142     1.03713
           7     2.45606     1.02827
           7     2.52069     1.03053
           7     2.58532     1.02136
           7     2.64995     1.01711
           7     2.71459     1.01315
           7     2.77922     1.01308
           7     2.84385     1.00766
           7     2.90849     1.00681
           7     2.97312     1.00256
           7     3.03775    0.999254
           7     3.10239     0.99909
           7     3.16702    0.995733
           7     3.23165    0.996578
           7     3.29629    0.995129
           7     3.36092     1.00088
           7     3.42555    0.989907
           7     3.49018    0.993337
           7     3.55482    0.994135
           7     3.61945    0.993023
           7     3.68408    0.991031
           7     3.74872    0.992191
           7     3.81335    0.989723
           7     3.87798    0.988571
           7     3.94262    0.990129
           7     4.00725     0.99116
           7     4.07188    0.990824
           7     4.13651    0.990551
           7     4.20115    0.987056
           7     4.26578    0.984819
           7     4.33041    0.985444
           7     4.39505    0.982527
           7     4.45968    0.988666
           7     4.52431    0.985977
           7     4.58895    0.984342
           7     4.65358    0.984082
           7     4.71821    0.985663
           7     4.78285     0.98652
           7     4.84748    0.984385
           7     4.91211    0.987823
           7     4.97674    0.984367
           7     5.04138    0.984875
           7     5.10601    0.987556
           7     5.17064    0.987113
           7     5.23528    0.982079
           7     5.29991     0.98579
           7     5.36454    0.986326
           7     5.42918    0.984251
           7     5.49381    0.984098
           7     5.55844    0.982666
           7     5.62307    0.985839
           7     5.68771    0.986664
           7     5.75234    0.985735
           7     5.81697    0.985045
           7     5.88161    0.985595
           7     5.94624    0.985854
           7     6.01087    0.985173
           7     6.07551    0.987354
           7     6.14014    0.985419
           7     6.20477     0.98534
           7      6.2694    0.985456
           7     6.33404    0.986658
           7     6.39867    0.986743
           7      6.4633    0.983237
           8    0.064633           0
           8    0.129266           0
           8    0.193899           0
           8    0.258532           0
           8    0.323165           0
           8    0.387798           0
           8    0.452431           0
           8    0.517064           0
           8    0.581697           0
           8     0.64633           0
           8    0.710963           0
           8    0.775596           0
           8     0.84023           0
           8    0.904863 0.000898024
           8    0.969496     0.15144
           8     1.03413     1.05229
           8     1.09876     2.03739
           8     1.16339      2.2451
           8     1.22803     2.09265
           8     1.29266     1.85036
           8     1.35729     1.61379
           8     1.42193     1.44877
           8     1.48656     1.34351
           8     1.55119     1.25551
           8     1.61583     1.18747
           8     1.68046     1.14564
           8     1.74509       1.106
           8     1.80973     1.07911
           8     1.87436     1.07429
           8     1.93899     1.06604
           8     2.00362     1.05642
           8     2.06826     1.05725
           8     2.13289     1.05389
           8     2.19752     1.05641
           8     2.26216     1.04252
           8     2.32679     1.03677
           8     2.39142     1.04426
           8     2.45606      1.0207
           8     2.52069     1.02733
           8     2.58532     1.01887
           8     2.64995     1.01439
           8     2.71459     1.01411
           8     2.77922     1.00744
           8     2.84385     1.00908
           8     2.90849    0.997878
           8     2.97312    0.995788
           8     3.03775      1.0043
           8     3.10239     1.00274
           8     3.16702     1.00163
           8     3.23165    0.992363
           8     3.29629    0.995724
           8     3.36092    0.991912
           8     3.42555    0.995155
           8     3.49018    0.989486
           8     3.55482    0.991971
           8     3.61945    0.992903
           8     3.68408    0.987598
           8     3.74872    0.991012
           8     3.81335    0.985379
           8     3.87798    0.989459
           8     3.94262    0.990031
           8     4.00725    0.985803
           8     4.07188     0.99079
           8     4.13651    0.989133
           8     4.20115    0.987798
           8     4.26578    0.990811
           8     4.33041     0.98524
           8     4.39505    0.989848
           8     4.45968      0.9881
           8     4.52431    0.987988
           8     4.58895    0.985763
           8     4.65358    0.987313
           8     4.71821    0.985279
           8     4.78285    0.986819
           8     4.84748    0.984039
           8     4.91211    0.986567
           8     4.97674    0.985333
           8     5.04138    0.985293
           8     5.10601    0.983729
           8     5.17064    0.986892
           8     5.23528    0.984299
           8     5.29991    0.986234
           8     5.36454    0.988095
           8     5.42918    0.983477
           8     5.49381    0.987431
           8     5.55844     0.98486
           8     5.62307    0.988077
           8     5.68771    0.983125
           8     5.75234    0.984977
           8     5.81697    0.984486
           8     5.88161    0.986586
           8     5.94624    0.984975
           8     6.01087    0.987674
           8     6.07551    0.984913
           8     6.14014    0.986481
           8     6.20477     0.98533
           8      6.2694    0.984927
           8     6.33404    0.984573
           8     6.39867    0.988112
           8      6.4633     0.98477
           9    0.064633           0
           9    0.129266           0
           9    0.193899           0
           9    0.258532           0
           9    0.323165           0
           9    0.387798           0
           9    0.452431           0
           9    0.517064           0
           9    0.581697           0
           9     0.64633           0
           9    0.710963           0
           9    0.775596           0
           9     0.84023           0
           9    0.904863  0.00137697
           9    0.969496    0.145835
           9     1.03413     1.06701
           9     1.09876     2.05101
           9     1.16339     2.25355
           9     1.22803     2.08012
           9     1.29266     1.81732
           9     1.35729     1.62449
           9     1.42193     1.45142
           9     1.48656     1.33279
           9     1.55119     1.24009
           9     1.61583     1.18416
           9     1.68046     1.14109
           9     1.74509     1.11349
           9     1.80973     1.09807
           9     1.87436     1.08032
           9     1.93899     1.06243
           9     2.00362     1.06731
           9     2.06826      1.0558
           9     2.13289     1.05655
           9     2.19752      1.0529
           9     2.26216     1.04672
           9     2.32679     1.04878
           9     2.39142     1.03996
           9     2.45606     1.03397
           9     2.52069     1.01948
           9     2.58532     1.02467
           9     2.64995     1.02062
           9     2.71459     1.01353
           9     2.77922     1.00928
           9     2.84385     1.00966
           9     2.90849     1.00287
           9     2.97312     1.00193
           9     3.03775    0.997512
           9     3.10239    0.998848
           9     3.16702    0.998861
           9     3.23165    0.998569
           9     3.29629    0.995968
           9     3.36092    0.995349
           9     3.42555    0.995459
           9     3.49018    0.996846
           9     3.55482    0.993055
           9     3.61945    0.990234
           9     3.68408    0.992221
           9     3.74872    0.988047
           9     3.81335    0.990358
           9     3.87798     0.98767
           9     3.94262    0.993532
           9     4.00725    0.989719
           9     4.07188    0.987641
           9     4.13651    0.988686
           9     4.20115    0.989228
           9     4.26578    0.986524
           9     4.33041    0.986842
           9     4.39505    0.988032
           9     4.45968    0.988817
           9     4.52431    0.988244
           9     4.58895    0.986999
           9     4.65358    0.985987
           9     4.71821    0.986369
           9     4.78285    0.986039
           9     4.84748    0.986533
           9     4.91211    0.987505
           9     4.97674    0.986778
           9     5.04138     0.98718
           9     5.10601    0.984913
           9     5.17064    0.985201
           9     5.23528    0.987646
           9     5.29991    0.986507
           9     5.36454    0.987443
           9     5.42918    0.989142
           9     5.49381    0.985861
           9     5.55844    0.988167
           9     5.62307      0.9868
           9     5.68771    0.985513
           9     5.75234    0.986021
           9     5.81697    0.987595
           9     5.88161    0.985494
           9     5.94624    0.987812
           9     6.01087     0.98695
           9     6.07551    0.986661
           9     6.14014    0.985528
           9     6.20477    0.988574
           9      6.2694    0.986528
           9     6.33404    0.985319
           9     6.39867     0.98588
           9      6.4633    0.986629
          10    0.064633           0
          10    0.129266           0
          10    0.193899           0
          10    0.258532           0
          10    0.323165           0
          10    0.387798           0
          10    0.452431           0
          10    0.517064           0
          10    0.581697           0
          10     0.64633           0
          10    0.710963           0
          10    0.775596           0
          10     0.84023           0
          10    0.904863 0.000838155
          10    0.969496    0.152789
          10     1.03413     1.04607
          10     1.09876     2.03478
          10     1.16339     2.30109
          10     1.22803     2.09462
          10     1.29266     1.80805
          10     1.35729     1.60223
          10     1.42193     1.46459
          10     1.48656     1.33747
          10     1.55119     1.25118
          10     1.61583     1.18914
          10     1.68046     1.14601
          10     1.74509     1.11006
          10     1.80973     1.08425
          10     1.87436     1.07588
          10     1.93899      1.0642
          10     2.00362     1.06311
          10     2.06826     1.06375
          10     2.13289     1.05032
          10     2.19752     1.05644
          10     2.26216     1.05587
          10     2.32679     1.03982
          10     2.39142     1.03355
          10     2.45606     1.03563
          10     2.52069     1.02541
          10     2.58532     1.01898
          10     2.64995     1.01131
          10     2.71459     1.01586
          10     2.77922     1.01273
          10     2.84385     1.00525
          10     2.90849     1.00663
          10     2.97312     1.00224
          10     3.03775     1.00246
          10     3.10239     1.00263
          10     3.16702    0.998898
          10     3.23165      1.0036
          10     3.29629    0.993999
          10     3.36092    0.992373
          10     3.42555    0.991452
          10     3.49018    0.990046
          10     3.55482    0.990677
          10     3.61945    0.999221
          10     3.68408     0.99007
          10     3.74872    0.987397
          10     3.81335    0.989018
          10     3.87798    0.991296
          10     3.94262    0.991346
          10     4.00725    0.987509
          10     4.07188    0.992163
          10     4.13651    0.988645
          10     4.20115    0.992225
          10     4.26578    0.988308
          10     4.33041    0.991544
          10     4.39505    0.987404
          10     4.45968    0.981847
          10     4.52431    0.990397
          10     4.58895    0.987325
          10     4.65358    0.985942
          10     4.71821    0.985484
          10     4.78285    0.989181
          10     4.84748    0.984348
          10     4.91211    0.987689
          10     4.97674    0.987562
          10     5.04138    0.984564
          10     5.10601    0.986664
          10     5.17064    0.983877
          10     5.23528    0.985851
          10     5.29991    0.985115
          10     5.36454    0.985203
          10     5.42918    0.987326
          10     5.49381    0.987238
          10     5.55844    0.984776
          10     5.62307    0.987487
          10     5.68771    0.983253
          10     5.75234    0.986247
          10     5.81697    0.984314
          10     5.88161    0.987243
          10     5.94624    0.989578
          10     6.01087    0.988881
          10     6.07551    0.985437
          10     6.14014    0.985743
          10     6.20477    0.982825
          10      6.2694    0.985909
          10     6.33404    0.985773
          10     6.39867    0.986423
          10      6.4633    0.985863
