chi2
85.4
78.54
116.33
89.82
93.28
82.29
105.79
117.82
115.37
96.01
84.84
121.3
112.84
86.26
79.61
82.96
97.86
75.62
87.62
97.87
83.75
88.07
90.69
117.7
98.34
106.09
126.34
108.51
109.89
112.11
108.53
84.69
88.28
104
92.65
96.55
102.62
84.53
72.49
81.05
108.77
101.91
91.51
94.13
95.06
118.32
101.74
76.18
121.06
97.41
98.17
100.24
85.28
100.32
99.42
104.71
92.39
101.88
117.89
88.79
115.66
107.79
110.97
91.1
98.89
96.1
98.92
95.78
99.4
105.27
101.34
92.45
106.07
107.22
88.97
113.22
103.32
64.07
128.71
73.83
98.14
106.16
96.82
86.44
92.98
113.52
112.3
93.3
101.68
100.55
82.49
99.8
109.44
89.95
122.5
103.69
107.47
92.05
92.31
108.79
